890 2226
1207 3020
1649 4124
1857 4643
1975 4939
2625 6564
2769 6923
3276 8192
3321 8304
3649 9123
4201 10504
4238 10596
4283 10707
4766 11915
4801 12004
8904 22262
9157 22893
9672 24179
10159 25400
10245 25611
11055 27639
11863 29659
12614 31536
12782 31957
13524 33812
13599 33999
13934 34836
14688 36721
16523 41309
19576 48941
19949 49874
20140 50351
20269 50673
20553 51383
20735 51839
21589 53974
22310 55775
24451 61128
26675 66689
26823 67059
28936 72342
29254 73135
30109 75274
30364 75910
30867 77168
31005 77514
33122 82807
33587 83969
34293 85733
34411 86029
34751 86879
34816 87041
35291 88230
36142 90357
36338 90847
36812 92031
37121 92804
37292 93231
37470 93677
38103 95260
38235 95589
38302 95755
38425 96064
38735 96839
38957 97394
39182 97957
39304 98266
39355 98389
39398 98496
40089 100223
40157 100395
40238 100596
40370 100926
40498 101245
40527 101318
41179 102949
41476 103692
41653 104134
42072 105181
43286 108217
43469 108673
43933 109833
44475 111189
44747 111870
45360 113402
45948 114872
46674 116685
46686 116716
46943 117359
47047 117619
47182 117955
47534 118838
47666 119166
47875 119690
48046 120116
48797 121994
49113 122784
50457 126144
50702 126756
50972 127431
51547 128869
52776 131942
53690 134227
53691 134230
54731 136829
55502 138755
55837 139593
55983 139960
56200 140501
56274 140685
56305 140760
56329 140823
56330 140824
56331 140826
56332 140829
56333 140832
56334 140835
56335 140838
56336 140841
56337 140844
56338 140847
56339 140850
56340 140853
57016 142541
58323 145809
58637 146593
59367 148419
59477 148693
59503 148757
63495 158737
64105 160263
