[1271 1315]
[1563 1649]
[1650 1857]
[1976 2072]
[2626 2698]
[2699 2769]
[3321 3410]
[3411 3455]
[3530 3649]
[4059 4102]
[4767 4801]
[13600 13933]
[13934 14402]
[19756 19949]
[19950 20056]
[20269 20553]
[20554 20621]
[21223 21345]
[27458 28128]
[29698 29770]
[30663 30699]
[31088 31153]
[32416 32536]
[33123 33162]
[33263 33406]
[33407 33459]
[34180 34293]
[34412 34533]
[36676 36750]
[36933 37012]
[37013 37064]
[37471 37627]
[37822 37900]
[38255 38302]
[38303 38323]
[38513 38564]
[38958 38988]
[39292 39305]
[39356 39398]
[39503 39566]
[40022 40089]
[40498 40526]
[40750 41016]
[41199 41308]
[41654 41747]
[41748 42015]
[42623 42671]
[42948 43014]
[43015 43070]
[43643 43848]
[45949 46120]
[46121 46378]
[46379 46497]
[48046 48488]
[48576 48739]
[48797 49050]
[49113 49372]
[50702 50732]
[52777 53095]
[55143 55207]
[55502 55837]
[56212 56236]
[56304 56328]
[57063 57097]
[59368 59408]
[59583 59648]
[62903 63118]
[63119 63494]
[63678 64105]
[64515 64589]
