[1316 1562]
[2147 2625]
[4103 4150]
[4903 4987]
[5834 8615]
[8904 9157]
[9158 9472]
[9672 10159]
[11513 11635]
[12783 12868]
[13364 13419]
[13420 13524]
[14689 15524]
[15582 16309]
[17565 18123]
[18124 19345]
[19346 19576]
[19577 19755]
[21346 21410]
[21411 21588]
[21658 21793]
[23258 24450]
[26824 27055]
[28937 28977]
[28978 29253]
[29771 30109]
[30230 30363]
[30731 30822]
[30842 30866]
[30958 31004]
[31005 31087]
[31154 31334]
[31566 31650]
[32778 32903]
[32904 33073]
[33218 33262]
[33588 33643]
[34294 34340]
[34752 34815]
[35292 35402]
[35403 35543]
[37169 37292]
[37293 37394]
[38104 38147]
[38565 38597]
[38598 38675]
[38736 38758]
[39062 39091]
[39136 39154]
[39463 39502]
[40370 40399]
[42016 42071]
[42672 42819]
[43386 43469]
[43470 43571]
[43572 43642]
[43900 43933]
[44748 44819]
[45361 45643]
[45705 45948]
[46498 46651]
[47876 48045]
[50458 50618]
[50619 50701]
[50855 50972]
[52310 52776]
[54775 55142]
[55984 56211]
[56237 56245]
[56246 56274]
[57017 57062]
[57098 57557]
[58324 58637]
[59409 59429]
[59430 59477]
[59557 59582]
