[1078 1207]
[1208 1270]
[1858 1975]
[3266 3320]
[3929 4058]
[4151 4200]
[4460 4489]
[4988 5122]
[5123 5147]
[5455 5833]
[10245 11055]
[11971 12368]
[12439 12560]
[12561 12613]
[12959 13156]
[13525 13599]
[14601 14688]
[15525 15581]
[16310 16523]
[20057 20139]
[20182 20268]
[20622 20734]
[22098 22310]
[25662 25833]
[26631 26675]
[28129 28811]
[29590 29697]
[30364 30662]
[30823 30841]
[31651 31821]
[31822 31866]
[31867 32009]
[32010 32415]
[32537 32648]
[32649 32777]
[33513 33587]
[34341 34411]
[35877 36094]
[37065 37121]
[37901 38103]
[38204 38235]
[38324 38353]
[38354 38425]
[38676 38735]
[38759 38800]
[38989 39061]
[39326 39355]
[39567 39869]
[39911 40021]
[40158 40237]
[40551 40576]
[41017 41198]
[41309 41399]
[41476 41653]
[42072 42622]
[43287 43385]
[44476 44532]
[44533 44747]
[44820 45181]
[45182 45360]
[46654 46670]
[46944 47047]
[47369 47497]
[47775 47826]
[50163 50395]
[51081 51142]
[51143 51478]
[51479 51547]
[51753 52309]
[53096 53340]
[53341 53465]
[55838 55983]
[56509 57016]
[59134 59240]
[59241 59367]
[59649 60066]
[60067 61384]
[62233 62353]
[64136 64514]
[64590 64749]
[65041 65203]
[65204 66151]
