[770 890]
[2770 3265]
[3708 3795]
[3796 3928]
[4490 4574]
[5173 5244]
[5245 5312]
[8616 8689]
[8690 8903]
[11636 11863]
[12710 12782]
[14403 14600]
[16524 17280]
[21794 22097]
[22311 23257]
[25834 25944]
[26170 26460]
[26775 26823]
[28812 28936]
[33074 33122]
[33163 33217]
[33460 33512]
[34534 34751]
[35147 35291]
[35544 35749]
[35750 35876]
[36095 36142]
[36143 36252]
[36339 36520]
[36751 36812]
[37395 37470]
[37628 37703]
[37704 37821]
[38938 38957]
[39155 39182]
[39183 39212]
[39306 39325]
[40267 40369]
[41400 41475]
[42820 42909]
[43071 43286]
[44352 44475]
[46652 46653]
[46834 46943]
[47498 47665]
[47827 47875]
[48489 48575]
[49051 49112]
[50103 50161]
[50396 50457]
[50973 51080]
[51548 51752]
[53466 54731]
[56341 56508]
[57558 58323]
[61556 61773]
[64750 64779]
