1789 4474
2082 5205
2824 7064
3481 8704
3744 9361
4868 12172
4977 12444
9875 24689
9931 24829
10716 26791
12073 30184
12321 30804
12448 31121
12587 31468
12926 32316
13103 32759
13940 34851
16775 41940
17230 43076
17726 44316
18000 45001
18325 45813
18632 46581
19378 48445
19783 49459
21032 52581
[21674 21688] [54187 54221]
21741 54353
22071 55180
22738 56846
23022 57555
23200 58001
[23803 23816] [59508 59546]
[24102 24110] [60257 60278]
24130 60328
24182 60455
24218 60546
27158 67896
28274 70684
28275 70688
28276 70691
28277 70693
28278 70696
28279 70698
28502 71256
28846 72117
28909 72274
29278 73195
30714 76787
31204 78011
31615 79039
32073 80184
33831 84579
34058 85147
34534 86336
35347 88369
35649 89124
35736 89342
36119 90299
36201 90503
36223 90560
36269 90673
38194 95486
38317 95794
39159 97899
39390 98475
40024 100061
41026 102565
41555 103889
42293 105733
42358 105894
42360 105900
42362 105905
42364 105910
42552 106381
42647 106618
42874 107182
43161 107902
43844 109611
44144 110361
44521 111303
44523 111308
44525 111313
44527 111318
44967 112419
45036 112592
45377 113444
46404 116011
46562 116406
48122 120307
48357 120893
48575 121439
48692 121731
49103 122757
49214 123035
49269 123173
49667 124169
50004 125012
50290 125726
51160 127901
51267 128167
51617 129044
51708 129271
51952 129881
52376 130940
52508 131272
52705 131763
54265 135663
54734 136837
54876 137191
55006 137516
55102 137755
55831 139580
56292 140732
56866 142165
57959 144898
58235 145589
58694 146736
58898 147246
59383 148457
59939 149849
60011 150029
60438 151096
60736 151842
61128 152822
64316 160791
64317 160794
64318 160797
64319 160799
64320 160802
64321 160804
64322 160807
64323 160809

