[1174 1789]
[3005 3379]
[3481 3593]
[4545 4716]
[4869 5215]
[5627 6005]
[11035 11142]
[11143 11727]
[12074 12156]
[13104 13257]
[16527 16567]
[17230 17648]
[18001 18325]
[18828 19198]
[19784 19822]
[20704 20982]
[21742 21784]
[21785 21824]
[22611 22669]
[24110 24122]
[24138 24182]
[24589 26072]
[26383 26780]
[26781 26840]
[28503 28587]
[28668 28770]
[29279 29379]
[29932 30635]
[30715 30774]
[31885 32073]
[32178 33073]
[34059 34176]
[34625 34676]
[35737 35839]
[36120 36201]
[36507 36620]
[36621 36667]
[38317 38440]
[38479 38542]
[38543 38795]
[41026 41096]
[41097 41251]
[42093 42216]
[42217 42293]
[42294 42348]
[42827 42864]
[42865 42872]
[43161 43181]
[43193 43383]
[43975 44016]
[44017 44074]
[44145 44192]
[44193 44289]
[44528 44614]
[44968 45035]
[45851 45890]
[45934 46092]
[46093 46106]
[46107 46178]
[48123 48357]
[48471 48538]
[49215 49269]
[49306 49410]
[49827 49879]
[49924 50003]
[51953 52092]
[52319 52375]
[52706 52865]
[54095 54198]
[56293 56379]
[56795 56866]
[56960 57347]
[58694 58748]
[59577 59847]
[61437 61534]
