[2083 2269]
[2824 2875]
[3594 3744]
[4107 4149]
[10642 10716]
[10717 10925]
[10926 11034]
[11728 11834]
[11835 11923]
[11924 12073]
[13258 13395]
[13940 14427]
[14428 15022]
[17649 17726]
[18632 18827]
[19199 19378]
[21682 21741]
[21825 21855]
[22072 22610]
[23112 23200]
[23201 23263]
[23810 24109]
[26073 26155]
[26883 27045]
[27046 27157]
[27696 27710]
[27952 28271]
[28847 28909]
[28910 28986]
[29380 29931]
[30775 30823]
[31343 31407]
[33074 33248]
[34177 34322]
[34970 35002]
[35070 35183]
[35646 35736]
[36224 36268]
[36269 36283]
[36390 36506]
[36843 36858]
[36859 37763]
[37764 37798]
[38194 38237]
[38238 38316]
[38796 39073]
[39553 39787]
[39910 40024]
[40323 40474]
[40530 40691]
[42358 42552]
[42553 42646]
[42873 43034]
[43182 43192]
[43845 43974]
[44075 44144]
[45557 45722]
[46179 46404]
[46473 46561]
[48422 48470]
[48693 48918]
[48919 48966]
[50004 50135]
[51617 51707]
[51838 51951]
[52211 52318]
[52508 52571]
[52635 52705]
[53465 54094]
[54199 54459]
[54603 54678]
[56380 56485]
[56486 56579]
[56715 56794]
[58809 58897]
[60012 60126]
[60737 60797]
[64324 64493]
[64494 64959]
