[2270 2381]
[2382 2423]
[3380 3480]
[3954 4106]
[4717 4868]
[5301 5337]
[5338 5626]
[9618 9875]
[9876 9931]
[9932 10045]
[10046 10244]
[10245 10366]
[12284 12321]
[12448 12586]
[12715 12805]
[12806 12925]
[13017 13103]
[15593 15734]
[16128 16526]
[16568 16775]
[17774 17873]
[17874 18000]
[18326 18445]
[18446 18528]
[18529 18631]
[19465 19545]
[21168 21682]
[21856 21942]
[21943 22071]
[26841 26881]
[27522 27526]
[27939 27951]
[30824 30877]
[30878 31204]
[31253 31342]
[33249 33543]
[33726 33831]
[34487 34533]
[34677 34722]
[34723 34841]
[34842 34969]
[35003 35069]
[35225 35347]
[35840 35944]
[35945 36040]
[36041 36119]
[36202 36223]
[36297 36330]
[36331 36389]
[36668 36842]
[38027 38118]
[39788 39909]
[41365 41555]
[41556 41630]
[44615 44667]
[44931 44967]
[46608 46685]
[47660 47737]
[48576 48692]
[48967 49009]
[49270 49305]
[50236 50289]
[50897 51159]
[52093 52210]
[52572 52634]
[54549 54602]
[54735 55006]
[55103 55955]
[57493 57633]
[57634 57788]
[57789 57958]
[58034 58235]
[58409 58506]
[59899 59939]
[59940 60011]
[60169 60437]
[60581 60713]
[60942 61040]
[61041 61127]
[65246 65413]
