[2735 2823]
[4150 4192]
[4405 4452]
[4453 4500]
[6006 6916]
[8756 9617]
[10367 10436]
[13472 13939]
[15023 15592]
[15735 15780]
[16826 17229]
[19379 19464]
[19546 19628]
[19662 19711]
[19712 19783]
[19823 20703]
[20983 21032]
[22670 22737]
[24123 24137]
[27245 27464]
[27527 27696]
[27711 27803]
[28382 28502]
[28588 28667]
[28771 28846]
[30636 30713]
[31547 31615]
[33666 33725]
[33884 34027]
[34028 34058]
[35184 35224]
[35404 35499]
[35500 35645]
[36284 36296]
[37799 37870]
[38119 38193]
[39074 39159]
[39505 39552]
[40025 40084]
[40692 40936]
[43540 43844]
[44290 44383]
[45036 45377]
[45891 45933]
[46686 46776]
[46777 46952]
[46953 46991]
[46992 47040]
[47738 48122]
[48358 48421]
[48539 48575]
[49010 49070]
[49411 49667]
[50681 50896]
[51372 51616]
[52376 52507]
[52866 53009]
[54460 54548]
[54679 54734]
[55956 56089]
[56090 56292]
[56867 56959]
[57348 57414]
[58236 58300]
[58301 58408]
[58507 58540]
[58541 58619]
[58620 58693]
[60127 60168]
[60714 60735]
[60798 60941]
[61128 61435]
[61535 61667]
[62148 62229]
[62230 64323]
[64960 65245]
[65414 66293]
[66294 66389]
