1841 4603
2393 5984
3038 7597
3480 8701
4596 11491
5005 12513
6259 15648
10668 26671
10919 27297
11311 28279
12111 30279
13070 32676
14723 36809
15139 37849
15211 38029
16046 40116
16838 42097
16890 42226
16930 42326
18127 45318
18571 46429
18863 47159
19128 47821
19721 49303
19863 49658
21046 52615
21117 52793
22781 56954
23032 57581
24075 60189
25477 63694
26283 65709
26602 66506
27266 68166
27628 69071
28117 70293
28306 70766
28450 71126
28891 72230
31681 79203
33148 82872
33290 83226
34864 87162
35091 87729
35963 89909
36140 90351
36394 90986
37474 93686
37643 94109
38178 95445
42558 106396
42566 106414
42574 106436
42656 106642
43925 109814
44300 110751
44652 111631
44929 112324
45749 114374
46568 116421
47578 118948
48194 120488
48948 122372
49180 122951
51622 129056
52112 130282
52564 131411
53125 132814
53186 132965
53699 134248
53748 134371
54347 135869
54368 135920
54789 136973
54913 137284
55458 138646
55810 139526
56023 140059
57397 143494
58237 145594
59841 149603
60058 150146
61015 152540
60527 151319
62018 155046
[63279 63325] [158200 158317]
[63326 63347] [158318 158371]
63326 158318
63665 159163
64099 160249
64414 161036
64722 161806
64960 162402
