[1363 1840]
[2060 2393]
[2574 2703]
[4597 4895]
[4896 5005]
[5348 5479]
[12463 12662]
[14724 14912]
[16191 16258]
[16259 16387]
[16388 16561]
[16839 16890]
[17979 18028]
[18029 18126]
[18170 18235]
[19129 19246]
[19247 19335]
[19471 19721]
[19722 19862]
[20051 20868]
[23425 23551]
[23743 23874]
[24076 24127]
[24128 24172]
[25477 25947]
[26423 26601]
[27195 27266]
[28027 28058]
[28059 28117]
[30279 30417]
[32571 32688]
[35479 35850]
[36344 36393]
[37040 37337]
[37954 38020]
[38178 38344]
[42657 42926]
[43091 43286]
[45749 45911]
[48040 48137]
[48949 49041]
[52113 52280]
[53126 53186]
[53556 53651]
[54166 54271]
[54677 54789]
[55024 55099]
[56323 56384]
[56719 56846]
[56995 57158]
[57159 57197]
[57596 57691]
[58000 58095]
[58237 58275]
[58644 58807]
[59687 59778]
[60192 60287]
[62859 62895]
[63666 63728]
[65518 66487]
