[1841 2059]
[3146 3480]
[3481 4054]
[5006 5111]
[5112 5271]
[10348 10544]
[11894 12046]
[12290 12331]
[12663 12737]
[12738 12878]
[12879 13069]
[14467 14566]
[15755 16046]
[16999 17286]
[18988 19128]
[19336 19470]
[19914 19999]
[21047 21116]
[21117 21247]
[21495 21631]
[22470 22535]
[22906 23032]
[23033 23185]
[25154 25266]
[26284 26422]
[26939 27092]
[27267 27526]
[27527 27628]
[28892 29030]
[29031 29210]
[29211 29398]
[30973 31219]
[31220 31681]
[32141 32570]
[33148 33289]
[33897 33953]
[35158 35215]
[35851 35893]
[35964 36140]
[36664 36842]
[36942 37039]
[37338 37417]
[37736 37857]
[37858 37927]
[38050 38177]
[42927 43090]
[44301 44652]
[44988 45659]
[46671 46815]
[47743 47844]
[49042 49114]
[49180 49372]
[50362 51049]
[51050 51461]
[51462 51558]
[51559 51621]
[51843 52112]
[52564 52894]
[52895 53037]
[53038 53125]
[53259 53546]
[53652 53748]
[54272 54318]
[54368 54439]
[55322 55457]
[57198 57247]
[57397 57595]
[57692 57849]
[57850 57999]
[59574 59686]
[59779 59841]
[60059 60191]
[60697 60889]
[61016 61345]
[63418 63521]
[63574 63665]
[63874 63928]
[63963 64028]
[64414 64722]
[64961 65094]
