[4320 4474]
[7235 7635]
[10545 10668]
[10839 10918]
[11617 11765]
[11766 11893]
[12332 12462]
[14224 14466]
[14567 14723]
[15140 15211]
[15212 15329]
[15330 15425]
[17571 17644]
[17645 17978]
[18310 18571]
[20869 20989]
[22593 22781]
[23552 23742]
[23875 24075]
[24173 24941]
[25413 25476]
[25948 26283]
[26813 26938]
[27093 27194]
[27956 28026]
[28118 28306]
[28813 28891]
[29399 29669]
[29670 29912]
[30889 30932]
[33954 35091]
[35092 35157]
[38345 38462]
[38541 39539]
[41407 42557]
[44046 44300]
[44653 44929]
[46568 46670]
[47690 47742]
[48195 48948]
[51770 51842]
[52448 52563]
[54319 54347]
[54790 54913]
[55267 55321]
[56385 56538]
[56539 56637]
[56847 56994]
[58096 58236]
[58276 58324]
[60288 60527]
[60890 61015]
[61346 61885]
[62395 62480]
[62481 62858]
[63327 63347]
[63522 63573]
[63729 63873]
[64918 64960]
