[2771 3038]
[3039 3145]
[4055 4319]
[4475 4596]
[5272 5347]
[5480 5856]
[11254 11311]
[11377 11616]
[12047 12111]
[14947 15139]
[16562 16838]
[18664 18863]
[18864 18987]
[21632 21708]
[21709 22380]
[22536 22592]
[23186 23424]
[24942 25153]
[25267 25412]
[26699 26812]
[27629 27955]
[28629 28812]
[30418 30835]
[32689 32795]
[33485 33640]
[33641 33896]
[35216 35296]
[35894 35963]
[36201 36343]
[37418 37473]
[37588 37643]
[38463 38540]
[39540 39946]
[42558 42656]
[43287 43925]
[45660 45748]
[46008 46078]
[46816 47689]
[47845 48039]
[48138 48194]
[49115 49179]
[49373 49532]
[49736 50361]
[53547 53555]
[54440 54600]
[55597 55809]
[55907 56023]
[56122 56138]
[57248 57297]
[57298 57396]
[58325 58643]
[59244 59355]
[59459 59516]
[60528 60616]
[61943 62017]
[62298 62394]
[63130 63326]
[63348 63417]
[64029 64099]
[64100 64413]
[64723 64917]
[65095 65279]
[65280 65517]
